17093
30633
10423
3665
31589
497
20137
10845
26843
13054
5233
32374
27512
24753
21500
10795
23710
5807
25321
743
31003
10085
28549
19737
17845
20042
10746
4241
8710
18276
3523
3117
32139
14
24419
3254
25335
17656
12887
11013
19917
4463
2889
13674
32301
25567
29318
18510
16110
15254
2738
23062
20974
9162
32699
15947
30374
28638
25099
25592
16130
3297
16898
21332
9839
3160
8099
11937
7989
19517
653
14932
2567
24647
20013
12406
19416
8300
9779
25418
30193
165
30530
29488
13377
5617
30700
7113
30196
27804
13789
23644
1095
5057
854
32633
31642
526
22750
17884
23238
14279
32564
14483
7346
16909
5511
26212
4129
865
18409
4201
25038
25956
18946
2557
3259
22496
27137
20444
9414
16652
20440
6789
12157
17164
15529
28643
32563
31416
24187
30765
17492
7070
3122
6667
18677
3402
32190
8698
2735
28101
21650
30961
9902
7515
2136
11845
19461
14241
3043
22730
10308
7607
15973
4923
589
30155
31970
6107
30563
17374
26596
16221
3716
32715
12657
26369
5625
19589
1850
513
32555
13472
27925
23083
11448
4115
7085
17359
26310
30524
14200
18651
27032
26404
29674
3909
16991
31493
30441
32425
28242
24329
4224
26932
28672
24661
6871
15296
20197
15942
5731
31040
13628
8442
22106
1375
8213
22803
20842
612
21927
19639
27306
18009
5607
13787
18129
11116
14682
5570
422
16277
12839
448
22455
6009
9072
11588
6222
18575
738
21782
29601
20097
30859
28636
31049
24533
28908
18403
23285
30156
5456
25116
18272
2954
7772
22117
29056
22648
13542
32010
6145
2535
21771
5516
8433
16374
26491
19105
7613
20917
1304
14203
19292
7306
6336
21069
25290
25300
21350
24588
19896
32207
9832
21875
4994
26296
14364
18761
4705
23345
1708
23526
22754
8422
11557
14324
13206
11377
32458
4211
17163
12155
27822
16383
11772
21028
27010
27990
17349
7077
16299
22805
8985
20020
3480
14530
14583
14889
23634
17167
11226
19550
1108
20829
1841
23515
21662
14976
15118
31411
12293
19138
17442
20009
5325
32042
4073
12823
17017
23038
28962
11153
29154
7814
14466
28357
21383
4627
17833
31781
18468
11328
9301
6345
1926
28792
2518
9742
10653
8888
18114
7300
17875
14742
233
11783
7324
12675
18827
21291
32590
9549
25545
18398
27188
20456
20314
15176
1245
23405
27519
14070
31930
8547
17977
312
28137
16446
27577
32455
20043
10789
18968
22443
3804
4344
32072
25436
26436
21394
5963
8232
32681
20555
14498
14804
27848
16577
3337
25478
12868
729
97
2275
16189
29440
16366
6772
6437
15287
23490
31054
10447
15950
7289
17906
24009
30959
24871
5746
7148
3551
6543
22485
10033
20481
12438
24253
455
30876
31479
27463
28770
27229
32311
9267
6357
9632
9180
19781
28387
20971
11482
15594
25426
187
31054
21791
2370
3460
30830
911
9661
16115
21696
3323
23951
3446
12427
10207
30040
13054
1676
10835
22495
26628
745
20271
22185
29130
26731
22130
22731
26083
21991
1253
27644
18165
32765
18171
27630
24254
13061
31484
13279
31061
12615
9826
3691
26034
16746
6788
22436
24433
304
19569
1380
